00131
00300
00870
00387
00279
00886
00275
00240
00737
00035
00273
00177
00261
00076
00867
00659
00019
00499
00470
00661
00887
00135
00284
00272
00860
00862
00343
00842
00782
00125
00130
00430
00234
00237
00285
00282
00278
00090
00270
00230
00224
00241
00844
00868
00298
00802
00899
00169
00024
00283
00268
00036
00898
00341
00151
00239
00102
00374
00048
00222
00721
00459
00330
00548
00471
00831
00449
00798
00672
00247
00098
00260
00107
00681
00849
00264
00773
00258
00276
00775
00874
00071
00223
00806
00853
00848
00184
00166
00323
00248
00663
00198
00714
00185
00833
00280
00231
00863
00472
00238
00836
00895
00253
00229
00176
00776
00632
00866
00226
00771
00254
00626
00269
00893
00202
00339
00876
00217
00337
00841
00115
00675
00200
00700
00257
00375
00855
00011
00838
00128
00839
00704
00664
00242
00473
00871
00134
00888
00803
00068
00057
00340
00809
00710
00026
00846
00889
00251
00050
00827
00004
00142
00651
00023
00752
00196
00813
00095
00069
00274
00857
00468
00891
00333
00744
00266
00680
00701
00027
00081
00281
00679
00083
00220
00097
00214
00008
00140
00120
00271
00834
00255
00467
00256
00187
00303
00705
00897
00288
00678
00262
00287
00885
00252
00064
00334
00894
00172
00859
00061
00236
00703
00085
00755
00845
00073
00104
00012
00201
00209
00250
00265
00490
00006
00206
00825
00785
00263
00837
00180
00301
00882
00688
00645
00338
00702
00797
00850
00193
00646
00823
00674
00557
00126
00699
00896
00858
00093
00267
00259
00480
00178
00884
00174
00060
00173
00777
00671
00774
00465
00872
00619
00457
00277
00762
00720
00852
00668
00719
00851
00219
00625
00869
00286
00638
00854
00013
00161
00032
00040

